sudo = {}
sudo.res = [ 
   81,
  '01|01,02,03,04,05,06,07,08,09,10,11,12,19,20,21,28,37,46,55,64,73|111',
  '02|01,02,03,04,05,06,07,08,09,10,11,12,19,20,21,29,38,47,56,65,74|211',
  '03|01,02,03,04,05,06,07,08,09,10,11,12,19,20,21,30,39,48,57,66,75|311',
  '04|01,02,03,04,05,06,07,08,09,13,14,15,22,23,24,31,40,49,58,67,76|412',
  '05|01,02,03,04,05,06,07,08,09,13,14,15,22,23,24,32,41,50,59,68,77|512',
  '06|01,02,03,04,05,06,07,08,09,13,14,15,22,23,24,33,42,51,60,69,78|612',
  '07|01,02,03,04,05,06,07,08,09,16,17,18,25,26,27,34,43,52,61,70,79|713',
  '08|01,02,03,04,05,06,07,08,09,16,17,18,25,26,27,35,44,53,62,71,80|813',
  '09|01,02,03,04,05,06,07,08,09,16,17,18,25,26,27,36,45,54,63,72,81|913',
  '10|01,02,03,10,11,12,13,14,15,16,17,18,19,20,21,28,37,46,55,64,73|121',
  '11|01,02,03,10,11,12,13,14,15,16,17,18,19,20,21,29,38,47,56,65,74|221',
  '12|01,02,03,10,11,12,13,14,15,16,17,18,19,20,21,30,39,48,57,66,75|321',
  '13|04,05,06,10,11,12,13,14,15,16,17,18,22,23,24,31,40,49,58,67,76|422',
  '14|04,05,06,10,11,12,13,14,15,16,17,18,22,23,24,32,41,50,59,68,77|522',
  '15|04,05,06,10,11,12,13,14,15,16,17,18,22,23,24,33,42,51,60,69,78|622',
  '16|07,08,09,10,11,12,13,14,15,16,17,18,25,26,27,34,43,52,61,70,79|723',
  '17|07,08,09,10,11,12,13,14,15,16,17,18,25,26,27,35,44,53,62,71,80|823',
  '18|07,08,09,10,11,12,13,14,15,16,17,18,25,26,27,36,45,54,63,72,81|923',
  '19|01,02,03,10,11,12,19,20,21,22,23,24,25,26,27,28,37,46,55,64,73|131',
  '20|01,02,03,10,11,12,19,20,21,22,23,24,25,26,27,29,38,47,56,65,74|231',
  '21|01,02,03,10,11,12,19,20,21,22,23,24,25,26,27,30,39,48,57,66,75|331',
  '22|04,05,06,13,14,15,19,20,21,22,23,24,25,26,27,31,40,49,58,67,76|432',
  '23|04,05,06,13,14,15,19,20,21,22,23,24,25,26,27,32,41,50,59,68,77|532',
  '24|04,05,06,13,14,15,19,20,21,22,23,24,25,26,27,33,42,51,60,69,78|632',
  '25|07,08,09,16,17,18,19,20,21,22,23,24,25,26,27,34,43,52,61,70,79|733',
  '26|07,08,09,16,17,18,19,20,21,22,23,24,25,26,27,35,44,53,62,71,80|833',
  '27|07,08,09,16,17,18,19,20,21,22,23,24,25,26,27,36,45,54,63,72,81|933',
  '28|01,10,19,28,29,30,31,32,33,34,35,36,37,38,39,46,47,48,55,64,73|144',
  '29|02,11,20,28,29,30,31,32,33,34,35,36,37,38,39,46,47,48,56,65,74|244',
  '30|03,12,21,28,29,30,31,32,33,34,35,36,37,38,39,46,47,48,57,66,75|344',
  '31|04,13,22,28,29,30,31,32,33,34,35,36,40,41,42,49,50,51,58,67,76|445',
  '32|05,14,23,28,29,30,31,32,33,34,35,36,40,41,42,49,50,51,59,68,77|545',
  '33|06,15,24,28,29,30,31,32,33,34,35,36,40,41,42,49,50,51,60,69,78|645',
  '34|07,16,25,28,29,30,31,32,33,34,35,36,43,44,45,52,53,54,61,70,79|746',
  '35|08,17,26,28,29,30,31,32,33,34,35,36,43,44,45,52,53,54,62,71,80|846',
  '36|09,18,27,28,29,30,31,32,33,34,35,36,43,44,45,52,53,54,63,72,81|946',
  '37|01,10,19,28,29,30,37,38,39,40,41,42,43,44,45,46,47,48,55,64,73|154',
  '38|02,11,20,28,29,30,37,38,39,40,41,42,43,44,45,46,47,48,56,65,74|254',
  '39|03,12,21,28,29,30,37,38,39,40,41,42,43,44,45,46,47,48,57,66,75|354',
  '40|04,13,22,31,32,33,37,38,39,40,41,42,43,44,45,49,50,51,58,67,76|455',
  '41|05,14,23,31,32,33,37,38,39,40,41,42,43,44,45,49,50,51,59,68,77|555',
  '42|06,15,24,31,32,33,37,38,39,40,41,42,43,44,45,49,50,51,60,69,78|655',
  '43|07,16,25,34,35,36,37,38,39,40,41,42,43,44,45,52,53,54,61,70,79|756',
  '44|08,17,26,34,35,36,37,38,39,40,41,42,43,44,45,52,53,54,62,71,80|856',
  '45|09,18,27,34,35,36,37,38,39,40,41,42,43,44,45,52,53,54,63,72,81|956',
  '46|01,10,19,28,29,30,37,38,39,46,47,48,49,50,51,52,53,54,55,64,73|164',
  '47|02,11,20,28,29,30,37,38,39,46,47,48,49,50,51,52,53,54,56,65,74|264',
  '48|03,12,21,28,29,30,37,38,39,46,47,48,49,50,51,52,53,54,57,66,75|364',
  '49|04,13,22,31,32,33,40,41,42,46,47,48,49,50,51,52,53,54,58,67,76|465',
  '50|05,14,23,31,32,33,40,41,42,46,47,48,49,50,51,52,53,54,59,68,77|565',
  '51|06,15,24,31,32,33,40,41,42,46,47,48,49,50,51,52,53,54,60,69,78|665',
  '52|07,16,25,34,35,36,43,44,45,46,47,48,49,50,51,52,53,54,61,70,79|766',
  '53|08,17,26,34,35,36,43,44,45,46,47,48,49,50,51,52,53,54,62,71,80|866',
  '54|09,18,27,34,35,36,43,44,45,46,47,48,49,50,51,52,53,54,63,72,81|966',
  '55|01,10,19,28,37,46,55,56,57,58,59,60,61,62,63,64,65,66,73,74,75|177',
  '56|02,11,20,29,38,47,55,56,57,58,59,60,61,62,63,64,65,66,73,74,75|277',
  '57|03,12,21,30,39,48,55,56,57,58,59,60,61,62,63,64,65,66,73,74,75|377',
  '58|04,13,22,31,40,49,55,56,57,58,59,60,61,62,63,67,68,69,76,77,78|478',
  '59|05,14,23,32,41,50,55,56,57,58,59,60,61,62,63,67,68,69,76,77,78|578',
  '60|06,15,24,33,42,51,55,56,57,58,59,60,61,62,63,67,68,69,76,77,78|678',
  '61|07,16,25,34,43,52,55,56,57,58,59,60,61,62,63,70,71,72,79,80,81|779',
  '62|08,17,26,35,44,53,55,56,57,58,59,60,61,62,63,70,71,72,79,80,81|879',
  '63|09,18,27,36,45,54,55,56,57,58,59,60,61,62,63,70,71,72,79,80,81|979',
  '64|01,10,19,28,37,46,55,56,57,64,65,66,67,68,69,70,71,72,73,74,75|187',
  '65|02,11,20,29,38,47,55,56,57,64,65,66,67,68,69,70,71,72,73,74,75|287',
  '66|03,12,21,30,39,48,55,56,57,64,65,66,67,68,69,70,71,72,73,74,75|387',
  '67|04,13,22,31,40,49,58,59,60,64,65,66,67,68,69,70,71,72,76,77,78|488',
  '68|05,14,23,32,41,50,58,59,60,64,65,66,67,68,69,70,71,72,76,77,78|588',
  '69|06,15,24,33,42,51,58,59,60,64,65,66,67,68,69,70,71,72,76,77,78|688',
  '70|07,16,25,34,43,52,61,62,63,64,65,66,67,68,69,70,71,72,79,80,81|789',
  '71|08,17,26,35,44,53,61,62,63,64,65,66,67,68,69,70,71,72,79,80,81|889',
  '72|09,18,27,36,45,54,61,62,63,64,65,66,67,68,69,70,71,72,79,80,81|989',
  '73|01,10,19,28,37,46,55,56,57,64,65,66,73,74,75,76,77,78,79,80,81|197',
  '74|02,11,20,29,38,47,55,56,57,64,65,66,73,74,75,76,77,78,79,80,81|297',
  '75|03,12,21,30,39,48,55,56,57,64,65,66,73,74,75,76,77,78,79,80,81|397',
  '76|04,13,22,31,40,49,58,59,60,67,68,69,73,74,75,76,77,78,79,80,81|498',
  '77|05,14,23,32,41,50,58,59,60,67,68,69,73,74,75,76,77,78,79,80,81|598',
  '78|06,15,24,33,42,51,58,59,60,67,68,69,73,74,75,76,77,78,79,80,81|698',
  '79|07,16,25,34,43,52,61,62,63,70,71,72,73,74,75,76,77,78,79,80,81|799',
  '80|08,17,26,35,44,53,61,62,63,70,71,72,73,74,75,76,77,78,79,80,81|899',
  '81|09,18,27,36,45,54,61,62,63,70,71,72,73,74,75,76,77,78,79,80,81|999' ]
sudo.row = [ 
[ 9,
  [ '01', '02', '03', '04', '05', '06', '07', '08', '09' ],
  [ 10, 11, 12, 13, 14, 15, 16, 17, 18 ],
  [ 19, 20, 21, 22, 23, 24, 25, 26, 27 ],
  [ 28, 29, 30, 31, 32, 33, 34, 35, 36 ],
  [ 37, 38, 39, 40, 41, 42, 43, 44, 45 ],
  [ 46, 47, 48, 49, 50, 51, 52, 53, 54 ],
  [ 55, 56, 57, 58, 59, 60, 61, 62, 63 ],
  [ 64, 65, 66, 67, 68, 69, 70, 71, 72 ],
  [ 73, 74, 75, 76, 77, 78, 79, 80, 81 ] ]
sudo.col = [ 
[ 9,
  [ '01', 10, 19, 28, 37, 46, 55, 64, 73 ],
  [ '02', 11, 20, 29, 38, 47, 56, 65, 74 ],
  [ '03', 12, 21, 30, 39, 48, 57, 66, 75 ],
  [ '04', 13, 22, 31, 40, 49, 58, 67, 76 ],
  [ '05', 14, 23, 32, 41, 50, 59, 68, 77 ],
  [ '06', 15, 24, 33, 42, 51, 60, 69, 78 ],
  [ '07', 16, 25, 34, 43, 52, 61, 70, 79 ],
  [ '08', 17, 26, 35, 44, 53, 62, 71, 80 ],
  [ '09', 18, 27, 36, 45, 54, 63, 72, 81 ] ]
sudo.ber = [ 
[ 9,
  [ '01', '02', '03', 10, 11, 12, 19, 20, 21 ],
  [ '04', '05', '06', 13, 14, 15, 22, 23, 24 ],
  [ '07', '08', '09', 16, 17, 18, 25, 26, 27 ],
  [ 28, 29, 30, 37, 38, 39, 46, 47, 48 ],
  [ 31, 32, 33, 40, 41, 42, 49, 50, 51 ],
  [ 34, 35, 36, 43, 44, 45, 52, 53, 54 ],
  [ 55, 56, 57, 64, 65, 66, 73, 74, 75 ],
  [ 58, 59, 60, 67, 68, 69, 76, 77, 78 ],
  [ 61, 62, 63, 70, 71, 72, 79, 80, 81 ] ]
  
